-1, 3, -2, 1, -3, 2
1, -4, 3, -1, 2, -3, 4, -2
-1, 4, -2, 5, -3, 1, -4, 2, -5, 3
-1, 5, -2, 1, -3, 4, -5, 2, -4, 3
-1, 4, -3, 1, -5, 6, -2, 3, -4, 2, -6, 5
-1, 4, -3, 1, -2, 6, -5, 3, -4, 2, -6, 5
1, -6, 2, -1, 4, -5, 6, -2, 3, -4, 5, -3
-1, 5, -2, 6, -3, 7, -4, 1, -5, 2, -6, 3, -7, 4
-1, 7, -2, 1, -3, 6, -4, 5, -7, 2, -5, 4, -6, 3
1, -6, 2, -7, 5, -1, 3, -4, 6, -2, 7, -5, 4, -3
1, -5, 6, -7, 2, -1, 3, -4, 7, -6, 5, -2, 4, -3
-1, 7, -2, 1, -3, 5, -4, 6, -7, 2, -6, 3, -5, 4
-1, 7, -2, 1, -3, 6, -7, 2, -4, 5, -6, 3, -5, 4
-1, 4, -3, 1, -2, 7, -6, 3, -4, 2, -5, 6, -7, 5